{
  "category_names": [
    "D02 [un+adj_reg]",
    "D03 [adj+ly_reg]",
    "D05 [adj+ness_reg]",
    "D06 [re+verb_reg]",
    "D07 [verb+able_reg]",
    "D08 [verb+er_irreg]",
    "D09 [verb+tion_irreg]",
    "D10 [verb+ment_irreg]",
    "E06 [animal - young]",
    "E07 [animal - sound]",
    "E08 [animal - shelter]",
    "E09 [things - color]",
    "E10 [male - female]",
    "I01 [noun - plural_reg]",
    "I02 [noun - plural_irreg]",
    "I03 [adj - comparative]",
    "I05 [verb_inf - 3pSg]",
    "I06 [verb_inf - Ving]",
    "I07 [verb_inf - Ved]",
    "I08 [verb_Ving - 3pSg]",
    "I09 [verb_Ving - Ved]",
    "I10 [verb_3pSg - Ved]",
    "L01 [hypernyms - animals]",
    "L02 [hypernyms - misc]",
    "L05 [meronyms - member]"
  ],
  "category_types": {
    "D02 [un+adj_reg]": "morphological",
    "D03 [adj+ly_reg]": "morphological",
    "D05 [adj+ness_reg]": "morphological",
    "D06 [re+verb_reg]": "morphological",
    "D07 [verb+able_reg]": "morphological",
    "D08 [verb+er_irreg]": "morphological",
    "D09 [verb+tion_irreg]": "morphological",
    "D10 [verb+ment_irreg]": "morphological",
    "E06 [animal - young]": "encyclopedic",
    "E07 [animal - sound]": "encyclopedic",
    "E08 [animal - shelter]": "encyclopedic",
    "E09 [things - color]": "encyclopedic",
    "E10 [male - female]": "encyclopedic",
    "I01 [noun - plural_reg]": "morphological",
    "I02 [noun - plural_irreg]": "morphological",
    "I03 [adj - comparative]": "morphological",
    "I05 [verb_inf - 3pSg]": "morphological",
    "I06 [verb_inf - Ving]": "morphological",
    "I07 [verb_inf - Ved]": "morphological",
    "I08 [verb_Ving - 3pSg]": "morphological",
    "I09 [verb_Ving - Ved]": "morphological",
    "I10 [verb_3pSg - Ved]": "morphological",
    "L01 [hypernyms - animals]": "lexicographic",
    "L02 [hypernyms - misc]": "lexicographic",
    "L05 [meronyms - member]": "lexicographic"
  },
  "quality_metrics": {
    "D02 [un+adj_reg]": {
      "n_pairs": 42,
      "type": "morphological",
      "loo_consistency_mean": 0.3550730368920735,
      "loo_consistency_std": 0.09132211698985103
    },
    "D03 [adj+ly_reg]": {
      "n_pairs": 45,
      "type": "morphological",
      "loo_consistency_mean": 0.3720569315883848,
      "loo_consistency_std": 0.08589866909788509
    },
    "D05 [adj+ness_reg]": {
      "n_pairs": 12,
      "type": "morphological",
      "loo_consistency_mean": 0.3339293400446574,
      "loo_consistency_std": 0.09267663282072451
    },
    "D06 [re+verb_reg]": {
      "n_pairs": 7,
      "type": "morphological",
      "loo_consistency_mean": 0.11849349976650306,
      "loo_consistency_std": 0.12973973888719445
    },
    "D07 [verb+able_reg]": {
      "n_pairs": 20,
      "type": "morphological",
      "loo_consistency_mean": 0.27859395295381545,
      "loo_consistency_std": 0.08804947279623512
    },
    "D08 [verb+er_irreg]": {
      "n_pairs": 27,
      "type": "morphological",
      "loo_consistency_mean": 0.3167725680051027,
      "loo_consistency_std": 0.06271778343075586
    },
    "D09 [verb+tion_irreg]": {
      "n_pairs": 31,
      "type": "morphological",
      "loo_consistency_mean": 0.35316407680511475,
      "loo_consistency_std": 0.09228418115160167
    },
    "D10 [verb+ment_irreg]": {
      "n_pairs": 41,
      "type": "morphological",
      "loo_consistency_mean": 0.31102467818958,
      "loo_consistency_std": 0.08346887746555112
    },
    "E06 [animal - young]": {
      "n_pairs": 17,
      "type": "encyclopedic",
      "loo_consistency_mean": 0.343346885898534,
      "loo_consistency_std": 0.1776181229589825
    },
    "E07 [animal - sound]": {
      "n_pairs": 9,
      "type": "encyclopedic",
      "loo_consistency_mean": 0.214180964562628,
      "loo_consistency_std": 0.07433079889532448
    },
    "E08 [animal - shelter]": {
      "n_pairs": 24,
      "type": "encyclopedic",
      "loo_consistency_mean": 0.2940052089591821,
      "loo_consistency_std": 0.1691474371027161
    },
    "E09 [things - color]": {
      "n_pairs": 35,
      "type": "encyclopedic",
      "loo_consistency_mean": 0.4883387676307133,
      "loo_consistency_std": 0.07162517350747413
    },
    "E10 [male - female]": {
      "n_pairs": 17,
      "type": "encyclopedic",
      "loo_consistency_mean": 0.3897636353093035,
      "loo_consistency_std": 0.12047682056176544
    },
    "I01 [noun - plural_reg]": {
      "n_pairs": 50,
      "type": "morphological",
      "loo_consistency_mean": 0.3305496919155121,
      "loo_consistency_std": 0.074493443039946
    },
    "I02 [noun - plural_irreg]": {
      "n_pairs": 43,
      "type": "morphological",
      "loo_consistency_mean": 0.3599256829813469,
      "loo_consistency_std": 0.1092774064426479
    },
    "I03 [adj - comparative]": {
      "n_pairs": 6,
      "type": "morphological",
      "loo_consistency_mean": 0.5963048040866852,
      "loo_consistency_std": 0.053332750054343785
    },
    "I05 [verb_inf - 3pSg]": {
      "n_pairs": 50,
      "type": "morphological",
      "loo_consistency_mean": 0.632473212480545,
      "loo_consistency_std": 0.08510818466663563
    },
    "I06 [verb_inf - Ving]": {
      "n_pairs": 50,
      "type": "morphological",
      "loo_consistency_mean": 0.4705592596530914,
      "loo_consistency_std": 0.12555805014311797
    },
    "I07 [verb_inf - Ved]": {
      "n_pairs": 50,
      "type": "morphological",
      "loo_consistency_mean": 0.40839853465557097,
      "loo_consistency_std": 0.0858381878289884
    },
    "I08 [verb_Ving - 3pSg]": {
      "n_pairs": 47,
      "type": "morphological",
      "loo_consistency_mean": 0.4722156480271765,
      "loo_consistency_std": 0.09592034505349334
    },
    "I09 [verb_Ving - Ved]": {
      "n_pairs": 48,
      "type": "morphological",
      "loo_consistency_mean": 0.33368272241204977,
      "loo_consistency_std": 0.10112200081160552
    },
    "I10 [verb_3pSg - Ved]": {
      "n_pairs": 46,
      "type": "morphological",
      "loo_consistency_mean": 0.4756807872782583,
      "loo_consistency_std": 0.0671572458127492
    },
    "L01 [hypernyms - animals]": {
      "n_pairs": 7,
      "type": "lexicographic",
      "loo_consistency_mean": 0.3041749106986182,
      "loo_consistency_std": 0.04936903659712652
    },
    "L02 [hypernyms - misc]": {
      "n_pairs": 25,
      "type": "lexicographic",
      "loo_consistency_mean": 0.1669730282202363,
      "loo_consistency_std": 0.1431670914341678
    },
    "L05 [meronyms - member]": {
      "n_pairs": 37,
      "type": "lexicographic",
      "loo_consistency_mean": 0.11087221999627513,
      "loo_consistency_std": 0.10969576849185679
    }
  },
  "causal_inner_product": [
    [
      194.8458251953125,
      92.40625,
      75.17302703857422,
      72.3517074584961,
      87.93400573730469,
      84.69039916992188,
      99.5455551147461,
      111.86331939697266,
      57.13720703125,
      60.65338897705078,
      68.03543853759766,
      51.06744384765625,
      78.53951263427734,
      119.35751342773438,
      107.63059997558594,
      54.9695930480957,
      92.4229736328125,
      60.95843505859375,
      140.1348419189453,
      55.02924728393555,
      104.77415466308594,
      54.403831481933594,
      54.76585006713867,
      99.24761199951172,
      120.52442169189453
    ],
    [
      92.40624237060547,
      222.66123962402344,
      81.98015594482422,
      78.23050689697266,
      95.32225036621094,
      92.18998718261719,
      108.61849212646484,
      121.33638000488281,
      62.23558807373047,
      66.27061462402344,
      74.0140151977539,
      55.63782501220703,
      85.47530364990234,
      130.04067993164062,
      117.48298645019531,
      59.816463470458984,
      100.78032684326172,
      66.4046630859375,
      153.15171813964844,
      59.95256805419922,
      114.5840072631836,
      59.42256164550781,
      59.520904541015625,
      108.14363861083984,
      131.21572875976562
    ],
    [
      75.17281341552734,
      81.98023986816406,
      354.7802429199219,
      63.53355407714844,
      75.25550842285156,
      74.03124237060547,
      88.19924926757812,
      100.2531967163086,
      50.1993408203125,
      53.808197021484375,
      59.22949981689453,
      44.686676025390625,
      69.0284194946289,
      104.80209350585938,
      94.11380767822266,
      49.36455535888672,
      80.98868560791016,
      53.037315368652344,
      122.5836410522461,
      48.20905303955078,
      91.6972885131836,
      47.774566650390625,
      47.96751022338867,
      86.91166687011719,
      105.87703704833984
    ],
    [
      72.35166931152344,
      78.2304916381836,
      63.53361511230469,
      519.0211181640625,
      74.7154312133789,
      72.12384033203125,
      84.36519622802734,
      94.40351867675781,
      48.413639068603516,
      51.684051513671875,
      57.458770751953125,
      43.49761962890625,
      66.93846130371094,
      101.49844360351562,
      91.27391815185547,
      46.9885368347168,
      78.8669662475586,
      52.475746154785156,
      118.74848175048828,
      46.99250030517578,
      88.80908966064453,
      46.90389633178711,
      45.84290313720703,
      83.90023040771484,
      102.26698303222656
    ],
    [
      87.93397521972656,
      95.32205963134766,
      75.25535583496094,
      74.71542358398438,
      325.88629150390625,
      88.04792785644531,
      104.24673461914062,
      116.56735229492188,
      59.23040008544922,
      62.777374267578125,
      70.59010314941406,
      52.93108367919922,
      81.3528823852539,
      123.31552124023438,
      112.11605834960938,
      56.64945602416992,
      96.49465942382812,
      64.24007415771484,
      146.7418975830078,
      56.876068115234375,
      109.38841247558594,
      56.813255310058594,
      56.78667449951172,
      102.66783905029297,
      124.4498291015625
    ],
    [
      84.69020080566406,
      92.18988800048828,
      74.03106689453125,
      72.12364196777344,
      88.04789733886719,
      249.79623413085938,
      100.25310516357422,
      112.14208221435547,
      57.04608154296875,
      60.164215087890625,
      67.71549987792969,
      50.850990295410156,
      78.02397155761719,
      118.03282928466797,
      107.03666687011719,
      54.353851318359375,
      92.63595581054688,
      61.2657585144043,
      140.83554077148438,
      54.78861999511719,
      104.5508041381836,
      54.56556701660156,
      54.13330841064453,
      99.26128387451172,
      118.84575653076172
    ],
    [
      99.54559326171875,
      108.61851501464844,
      88.19929504394531,
      84.36526489257812,
      104.24681091308594,
      100.25318908691406,
      306.8503723144531,
      140.74327087402344,
      66.92230987548828,
      71.4340591430664,
      79.78475189208984,
      59.9726676940918,
      92.08963012695312,
      139.6955108642578,
      125.93578338623047,
      63.99262237548828,
      108.72015380859375,
      72.21599578857422,
      166.5584716796875,
      64.70503234863281,
      123.187744140625,
      63.872657775878906,
      64.01683807373047,
      116.73696899414062,
      141.87442016601562
    ],
    [
      111.86321258544922,
      121.3364486694336,
      100.25314331054688,
      94.40345001220703,
      116.56730651855469,
      112.1419906616211,
      140.74314880371094,
      331.5440673828125,
      75.3199691772461,
      79.70940399169922,
      89.6604232788086,
      67.30812072753906,
      103.37464904785156,
      157.11285400390625,
      140.4892578125,
      71.70823669433594,
      122.24842834472656,
      80.92315673828125,
      185.92324829101562,
      72.36006164550781,
      138.28091430664062,
      71.9900894165039,
      71.68146514892578,
      131.02296447753906,
      158.29428100585938
    ],
    [
      57.13718032836914,
      62.23548126220703,
      50.19924545288086,
      48.413658142089844,
      59.23029327392578,
      57.04617691040039,
      66.9222640991211,
      75.320068359375,
      173.991455078125,
      42.0229377746582,
      46.21943283081055,
      34.38663101196289,
      52.70140075683594,
      80.4925308227539,
      72.22368621826172,
      36.821128845214844,
      62.32968521118164,
      41.09980392456055,
      94.56708526611328,
      36.94291687011719,
      70.84014129638672,
      36.65856170654297,
      37.152618408203125,
      66.83039855957031,
      76.59361267089844
    ],
    [
      60.65348434448242,
      66.27053833007812,
      53.80812072753906,
      51.683982849121094,
      62.777320861816406,
      60.16425704956055,
      71.43387603759766,
      79.70919799804688,
      42.02295684814453,
      294.4217834472656,
      50.352325439453125,
      36.54985046386719,
      56.13435745239258,
      85.64522552490234,
      76.86315155029297,
      39.577457427978516,
      66.1904067993164,
      43.46717071533203,
      100.13875579833984,
      39.246150970458984,
      75.30728149414062,
      39.0015983581543,
      39.665733337402344,
      71.16924285888672,
      87.00908660888672
    ],
    [
      68.0353775024414,
      74.01380157470703,
      59.22944641113281,
      57.458648681640625,
      70.59000396728516,
      67.71546936035156,
      79.78469848632812,
      89.6604232788086,
      46.21926498413086,
      50.35228729248047,
      178.9047088623047,
      40.923213958740234,
      62.828773498535156,
      95.1587905883789,
      86.40938568115234,
      43.49422073364258,
      74.10868072509766,
      49.08059310913086,
      112.66474151611328,
      44.152198791503906,
      84.35592651367188,
      43.75040054321289,
      43.250816345214844,
      79.54460906982422,
      97.09352111816406
    ],
    [
      51.06752014160156,
      55.6378173828125,
      44.686527252197266,
      43.49753952026367,
      52.93100357055664,
      50.85106658935547,
      59.97277069091797,
      67.30819702148438,
      34.386627197265625,
      36.54979705810547,
      40.923194885253906,
      78.34585571289062,
      47.2475700378418,
      71.79508209228516,
      64.79212188720703,
      32.7775993347168,
      55.704612731933594,
      36.7554931640625,
      84.71461486816406,
      33.161685943603516,
      63.2830696105957,
      32.88746643066406,
      32.821693420410156,
      59.850242614746094,
      72.58281707763672
    ],
    [
      78.53955841064453,
      85.475341796875,
      69.02845764160156,
      66.93850708007812,
      81.35295867919922,
      78.02407836914062,
      92.08976745605469,
      103.37483978271484,
      52.70148849487305,
      56.13432693481445,
      62.82880401611328,
      47.24769592285156,
      308.92431640625,
      110.485595703125,
      99.47160339355469,
      50.424476623535156,
      85.65584564208984,
      56.16676712036133,
      130.12890625,
      51.09853744506836,
      96.88906860351562,
      50.733707427978516,
      50.359825134277344,
      92.20751190185547,
      111.1993179321289
    ],
    [
      119.35752868652344,
      130.04092407226562,
      104.80220031738281,
      101.49839782714844,
      123.31546783447266,
      118.03282928466797,
      139.69541931152344,
      157.1127166748047,
      80.49250793457031,
      85.6452865600586,
      95.15892028808594,
      71.79500579833984,
      110.48563385009766,
      337.7462158203125,
      164.5215606689453,
      76.70397186279297,
      129.96044921875,
      86.05712890625,
      198.01112365722656,
      77.309326171875,
      147.8339080810547,
      76.68584442138672,
      76.57575988769531,
      139.56356811523438,
      171.04356384277344
    ],
    [
      107.63056945800781,
      117.48320770263672,
      94.11394500732422,
      91.27395629882812,
      112.11609649658203,
      107.03668212890625,
      125.93572235107422,
      140.48916625976562,
      72.22364807128906,
      76.86316680908203,
      86.40950012207031,
      64.79212951660156,
      99.47159576416016,
      164.52162170410156,
      297.24444580078125,
      69.5644302368164,
      117.47518920898438,
      77.42700958251953,
      178.39044189453125,
      70.01239013671875,
      133.09190368652344,
      69.18131256103516,
      69.49592590332031,
      126.02032470703125,
      151.5388946533203
    ],
    [
      54.9696044921875,
      59.816436767578125,
      49.364418029785156,
      46.98859405517578,
      56.64945983886719,
      54.35392761230469,
      63.99286651611328,
      71.70830535888672,
      36.821266174316406,
      39.57731246948242,
      43.494319915771484,
      32.77759552001953,
      50.42451095581055,
      76.70381927490234,
      69.5642318725586,
      346.3505859375,
      59.20625305175781,
      39.14337158203125,
      90.62446594238281,
      35.44715881347656,
      67.22278594970703,
      35.015663146972656,
      34.86636734008789,
      63.684410095214844,
      77.36124420166016
    ],
    [
      92.42305755615234,
      100.78024291992188,
      80.98872375488281,
      78.8669204711914,
      96.49468994140625,
      92.63597869873047,
      108.72013092041016,
      122.24860382080078,
      62.32960891723633,
      66.19049835205078,
      74.10884857177734,
      55.704551696777344,
      85.65577697753906,
      129.9603729248047,
      117.47518157958984,
      59.20612716674805,
      165.6512451171875,
      88.50695037841797,
      173.8635711669922,
      82.70834350585938,
      114.08647918701172,
      40.27928924560547,
      59.56288146972656,
      108.39588165283203,
      131.1739044189453
    ],
    [
      60.95840835571289,
      66.40463256835938,
      53.03739929199219,
      52.475669860839844,
      64.2400131225586,
      61.26580810546875,
      72.21598815917969,
      80.92326354980469,
      41.09980773925781,
      43.46723937988281,
      49.080657958984375,
      36.75541687011719,
      56.16669845581055,
      86.05713653564453,
      77.42691802978516,
      39.14335632324219,
      88.50682830810547,
      119.38424682617188,
      124.35034942626953,
      15.050091743469238,
      50.50294876098633,
      38.864280700683594,
      39.247859954833984,
      71.4795150756836,
      86.81709289550781
    ],
    [
      140.13470458984375,
      153.1516876220703,
      122.58345794677734,
      118.74827575683594,
      146.7418975830078,
      140.83541870117188,
      166.55844116210938,
      185.92330932617188,
      94.5669937133789,
      100.13880920410156,
      112.6648178100586,
      84.71464538574219,
      130.1288299560547,
      198.010986328125,
      178.39039611816406,
      90.62431335449219,
      173.863525390625,
      124.3503646850586,
      319.4201354980469,
      91.15473937988281,
      201.07015991210938,
      113.02448272705078,
      90.75352478027344,
      164.61465454101562,
      200.12843322753906
    ],
    [
      55.02920150756836,
      59.95258712768555,
      48.208984375,
      46.992591857910156,
      56.8760871887207,
      54.78864288330078,
      64.70506286621094,
      72.3602066040039,
      36.942832946777344,
      39.246158599853516,
      44.15224075317383,
      33.161643981933594,
      51.09851837158203,
      77.3091812133789,
      70.01231384277344,
      35.44694519042969,
      82.70838928222656,
      15.0502290725708,
      91.15493774414062,
      104.19483947753906,
      92.68439483642578,
      13.8295259475708,
      35.820762634277344,
      64.34257507324219,
      78.44905090332031
    ],
    [
      104.77413177490234,
      114.58415222167969,
      91.69713592529297,
      88.8090591430664,
      109.38842010498047,
      104.55074310302734,
      123.18777465820312,
      138.28085327148438,
      70.8400650024414,
      75.30729675292969,
      84.35596466064453,
      63.282928466796875,
      96.88904571533203,
      147.8338165283203,
      133.09202575683594,
      67.22264099121094,
      114.08650970458984,
      50.50282669067383,
      201.07009887695312,
      92.6844711303711,
      224.50241088867188,
      91.45278930664062,
      67.20590209960938,
      123.10810852050781,
      148.9257354736328
    ],
    [
      54.40363311767578,
      59.42247009277344,
      47.774436950683594,
      46.90380859375,
      56.81332778930664,
      54.56543731689453,
      63.87279510498047,
      71.99004364013672,
      36.658660888671875,
      39.00166702270508,
      43.75029754638672,
      32.88752365112305,
      50.733638763427734,
      76.68585968017578,
      69.18131256103516,
      35.01552200317383,
      40.27925109863281,
      38.864227294921875,
      113.0245132446289,
      13.829366683959961,
      91.45284271240234,
      103.66641235351562,
      35.43141555786133,
      63.86000442504883,
      77.58207702636719
    ],
    [
      54.76593780517578,
      59.52097702026367,
      47.9675407409668,
      45.842899322509766,
      56.78660202026367,
      54.13338851928711,
      64.01669311523438,
      71.68148040771484,
      37.15266799926758,
      39.66575622558594,
      43.250885009765625,
      32.82178497314453,
      50.35969161987305,
      76.57562255859375,
      69.49595642089844,
      34.86639404296875,
      59.5628662109375,
      39.24784851074219,
      90.7535400390625,
      35.82079315185547,
      67.2059097290039,
      35.4314079284668,
      326.54119873046875,
      64.70919036865234,
      77.9949951171875
    ],
    [
      99.24771118164062,
      108.14366149902344,
      86.9116439819336,
      83.90028381347656,
      102.66777038574219,
      99.26126098632812,
      116.73692321777344,
      131.02293395996094,
      66.83032989501953,
      71.16905212402344,
      79.54448699951172,
      59.8502311706543,
      92.20750427246094,
      139.56350708007812,
      126.0204086303711,
      63.684417724609375,
      108.3958969116211,
      71.4794692993164,
      164.6146697998047,
      64.34246063232422,
      123.10803985595703,
      63.859771728515625,
      64.70913696289062,
      382.5777587890625,
      141.93148803710938
    ],
    [
      120.5244140625,
      131.2156524658203,
      105.87687683105469,
      102.26695251464844,
      124.44976043701172,
      118.84585571289062,
      141.874267578125,
      158.29432678222656,
      76.59374237060547,
      87.00906372070312,
      97.09358978271484,
      72.5826416015625,
      111.1993408203125,
      171.04364013671875,
      151.53900146484375,
      77.36123657226562,
      131.1739501953125,
      86.8170394897461,
      200.12857055664062,
      78.44895935058594,
      148.92587280273438,
      77.58206939697266,
      77.99502563476562,
      141.9315948486328,
      442.919189453125
    ]
  ],
  "cosine_similarity": [
    [
      1.0,
      0.2696326971054077,
      0.39300140738487244,
      0.2320987731218338,
      0.06130090728402138,
      0.15000717341899872,
      -0.07764719426631927,
      -0.018925515934824944,
      0.04931886866688728,
      0.12259767949581146,
      -0.13174349069595337,
      -0.21024459600448608,
      0.0850646048784256,
      0.2941609025001526,
      0.33200451731681824,
      0.3080628216266632,
      0.17524336278438568,
      0.06383544206619263,
      -0.23593391478061676,
      0.12154807150363922,
      -0.2921898066997528,
      -0.34504812955856323,
      0.14197058975696564,
      -0.12369605153799057,
      0.000199711779714562
    ],
    [
      0.2696326971054077,
      1.0000001192092896,
      0.3645206689834595,
      0.14704595506191254,
      -0.02336198277771473,
      0.1225099191069603,
      -0.12839624285697937,
      -0.13710299134254456,
      0.023640623316168785,
      0.11553890258073807,
      -0.14218494296073914,
      -0.21830391883850098,
      0.08112597465515137,
      0.27935150265693665,
      0.3454499840736389,
      0.3049364686012268,
      0.1387016475200653,
      -0.0064264521934092045,
      -0.10358113795518875,
      0.1387663334608078,
      -0.08786316961050034,
      -0.19309070706367493,
      0.08399464935064316,
      -0.15239574015140533,
      -0.006445708218961954
    ],
    [
      0.39300140738487244,
      0.3645206689834595,
      1.0,
      0.200330913066864,
      -0.019346147775650024,
      0.15716750919818878,
      0.010821264237165451,
      0.079410620033741,
      0.055029094219207764,
      0.127963125705719,
      -0.12462972849607468,
      -0.22895732522010803,
      0.09517691284418106,
      0.27726268768310547,
      0.29647916555404663,
      0.3377225697040558,
      0.15820077061653137,
      0.0435127392411232,
      -0.11472277343273163,
      0.11767304688692093,
      -0.1524098813533783,
      -0.22118264436721802,
      0.12397082895040512,
      -0.11349820345640182,
      -0.004084894433617592
    ],
    [
      0.2320987731218338,
      0.14704595506191254,
      0.200330913066864,
      1.0,
      0.16481752693653107,
      0.1995043009519577,
      0.04400331526994705,
      0.041236259043216705,
      0.035934969782829285,
      0.06807573139667511,
      -0.09148309379816055,
      -0.08101867139339447,
      0.07623811066150665,
      0.16941368579864502,
      0.18911360204219818,
      0.19719916582107544,
      0.19695337116718292,
      0.16705766320228577,
      0.03442947566509247,
      0.04867274686694145,
      -0.130964994430542,
      -0.13952352106571198,
      0.06005719676613808,
      -0.07998993992805481,
      -0.010633934289216995
    ],
    [
      0.06130090728402138,
      -0.02336198277771473,
      -0.019346147775650024,
      0.16481752693653107,
      1.0,
      0.3253227472305298,
      0.32388830184936523,
      0.3105529844760895,
      0.04469040408730507,
      0.0529683418571949,
      -0.03173636272549629,
      -0.06465807557106018,
      0.028054293245077133,
      0.07913301140069962,
      0.09347698837518692,
      0.09149043262004852,
      0.33608901500701904,
      0.38151752948760986,
      0.33360376954078674,
      -0.015902021899819374,
      -0.06643510609865189,
      -0.04216529056429863,
      0.049836792051792145,
      -0.027798762544989586,
      -0.03331945464015007
    ],
    [
      0.15000717341899872,
      0.1225099191069603,
      0.15716750919818878,
      0.1995043009519577,
      0.3253227472305298,
      1.000000238418579,
      0.37494999170303345,
      0.3463151752948761,
      0.0417226180434227,
      0.02938978374004364,
      -0.044023994356393814,
      -0.11254242807626724,
      0.046072933822870255,
      0.003102372633293271,
      0.06667358428239822,
      0.13713181018829346,
      0.3953191339969635,
      0.4311541020870209,
      0.3523201644420624,
      -0.0010348594514653087,
      -0.10307054966688156,
      -0.07675329595804214,
      0.02450937032699585,
      -0.03870103508234024,
      -0.17215430736541748
    ],
    [
      -0.07764719426631927,
      -0.12839624285697937,
      0.010821264237165451,
      0.04400331526994705,
      0.32388830184936523,
      0.37494999170303345,
      0.9999998807907104,
      0.7501611709594727,
      0.010618871077895164,
      -0.023152314126491547,
      0.04134788736701012,
      0.05194908753037453,
      -0.012827756814658642,
      -0.1596546322107315,
      -0.21267516911029816,
      -0.0749550461769104,
      0.3253543972969055,
      0.4779549241065979,
      0.5186471939086914,
      -0.11308502405881882,
      0.0027629947289824486,
      0.10361457616090775,
      -0.01662266068160534,
      0.0517561174929142,
      -0.02311491221189499
    ],
    [
      -0.018925515934824944,
      -0.13710299134254456,
      0.079410620033741,
      0.041236259043216705,
      0.3105529844760895,
      0.3463151752948761,
      0.7501611709594727,
      1.0000001192092896,
      0.012615904211997986,
      -0.027048224583268166,
      0.027217546477913857,
      0.04776627570390701,
      -0.008595769293606281,
      -0.1692294180393219,
      -0.21999511122703552,
      -0.053559284657239914,
      0.3015625476837158,
      0.4248708486557007,
      0.44401881098747253,
      -0.08986727148294449,
      -0.012794319540262222,
      0.07425608485937119,
      -0.026629578322172165,
      0.05887889489531517,
      -0.026164626702666283
    ],
    [
      0.04931886866688728,
      0.023640623316168785,
      0.055029094219207764,
      0.035934969782829285,
      0.04469040408730507,
      0.0417226180434227,
      0.010618871077895164,
      0.012615904211997986,
      1.0000001192092896,
      0.23537546396255493,
      0.17801882326602936,
      -0.012884406372904778,
      0.004305743612349033,
      0.03818195313215256,
      0.032277774065732956,
      0.05745687708258629,
      0.05171997472643852,
      0.03466666117310524,
      0.002175008412450552,
      0.02349935844540596,
      -0.027578048408031464,
      -0.042438384145498276,
      0.07014454156160355,
      -0.0362587496638298,
      0.0227646566927433
    ],
    [
      0.12259767949581146,
      0.11553890258073807,
      0.127963125705719,
      0.06807573139667511,
      0.0529683418571949,
      0.02938978374004364,
      -0.023152314126491547,
      -0.027048224583268166,
      0.23537546396255493,
      0.9999999403953552,
      0.2378160059452057,
      -0.06720349937677383,
      0.03292782977223396,
      0.13736942410469055,
      0.13043007254600525,
      0.11911512911319733,
      0.05680399388074875,
      0.016780130565166473,
      -0.04571615159511566,
      0.040153924375772476,
      -0.04747280478477478,
      -0.07909926772117615,
      0.09271156787872314,
      -0.030614953488111496,
      0.13544626533985138
    ],
    [
      -0.13174349069595337,
      -0.14218494296073914,
      -0.12462972849607468,
      -0.09148309379816055,
      -0.03173636272549629,
      -0.044023994356393814,
      0.04134788736701012,
      0.027217546477913857,
      0.17801882326602936,
      0.2378160059452057,
      1.0,
      0.09423396736383438,
      -0.01751617342233658,
      -0.13785092532634735,
      -0.13526515662670135,
      -0.1159583255648613,
      -0.05332117900252342,
      -0.004272217396646738,
      0.06905101984739304,
      -0.04930798336863518,
      0.0846821665763855,
      0.10383154451847076,
      -0.030210072174668312,
      0.02868635579943657,
      0.178079292178154
    ],
    [
      -0.21024459600448608,
      -0.21830391883850098,
      -0.22895732522010803,
      -0.08101867139339447,
      -0.06465807557106018,
      -0.11254242807626724,
      0.05194908753037453,
      0.04776627570390701,
      -0.012884406372904778,
      -0.06720349937677383,
      0.09423396736383438,
      1.0,
      -0.06157292425632477,
      -0.21282251179218292,
      -0.22948002815246582,
      -0.21139658987522125,
      -0.11160904914140701,
      -0.034775957465171814,
      0.07430597394704819,
      -0.07886013388633728,
      0.10774195194244385,
      0.15311194956302643,
      -0.0754038617014885,
      0.07809028029441833,
      0.005372229032218456
    ],
    [
      0.0850646048784256,
      0.08112597465515137,
      0.09517691284418106,
      0.07623811066150665,
      0.028054293245077133,
      0.046072933822870255,
      -0.012827756814658642,
      -0.008595769293606281,
      0.004305743612349033,
      0.03292782977223396,
      -0.01751617342233658,
      -0.06157292425632477,
      1.0,
      0.07647781819105148,
      0.06403957307338715,
      0.06665940582752228,
      0.05905989930033684,
      0.027405133470892906,
      -0.012653116136789322,
      0.0337967686355114,
      -0.036585889756679535,
      -0.05484677478671074,
      0.021224502474069595,
      -0.02715296298265457,
      -0.023254744708538055
    ],
    [
      0.2941609025001526,
      0.27935150265693665,
      0.27726268768310547,
      0.16941368579864502,
      0.07913301140069962,
      0.003102372633293271,
      -0.1596546322107315,
      -0.1692294180393219,
      0.03818195313215256,
      0.13736942410469055,
      -0.13785092532634735,
      -0.21282251179218292,
      0.07647781819105148,
      1.0,
      0.8052181601524353,
      0.25922730565071106,
      0.11069874465465546,
      0.04009893164038658,
      -0.10950179398059845,
      0.07941482961177826,
      -0.1483622044324875,
      -0.18946349620819092,
      0.11145462840795517,
      -0.11328394711017609,
      0.020037611946463585
    ],
    [
      0.33200451731681824,
      0.3454499840736389,
      0.29647916555404663,
      0.18911360204219818,
      0.09347698837518692,
      0.06667358428239822,
      -0.21267516911029816,
      -0.21999511122703552,
      0.032277774065732956,
      0.13043007254600525,
      -0.13526515662670135,
      -0.22948002815246582,
      0.06403957307338715,
      0.8052181601524353,
      0.9999999403953552,
      0.30309200286865234,
      0.15415042638778687,
      0.02772136777639389,
      -0.13835515081882477,
      0.13701161742210388,
      -0.1628383845090866,
      -0.24652710556983948,
      0.11510463058948517,
      -0.14253434538841248,
      -0.056067176163196564
    ],
    [
      0.3080628216266632,
      0.3049364686012268,
      0.3377225697040558,
      0.19719916582107544,
      0.09149043262004852,
      0.13713181018829346,
      -0.0749550461769104,
      -0.053559284657239914,
      0.05745687708258629,
      0.11911512911319733,
      -0.1159583255648613,
      -0.21139658987522125,
      0.06665940582752228,
      0.25922730565071106,
      0.30309200286865234,
      1.0000001192092896,
      0.13113678991794586,
      0.05309675633907318,
      -0.10022420436143875,
      0.07917962223291397,
      -0.15529505908489227,
      -0.19206035137176514,
      0.11080656945705414,
      -0.13452285528182983,
      -0.0017849622527137399
    ],
    [
      0.17524336278438568,
      0.1387016475200653,
      0.15820077061653137,
      0.19695337116718292,
      0.33608901500701904,
      0.3953191339969635,
      0.3253543972969055,
      0.3015625476837158,
      0.05171997472643852,
      0.05680399388074875,
      -0.05332117900252342,
      -0.11160904914140701,
      0.05905989930033684,
      0.11069874465465546,
      0.15415042638778687,
      0.13113678991794586,
      0.9999999403953552,
      0.46890267729759216,
      0.3887633979320526,
      0.5622902512550354,
      -0.08938061445951462,
      -0.6055846810340881,
      0.06353522092103958,
      -0.0666511207818985,
      -0.048518963158130646
    ],
    [
      0.06383544206619263,
      -0.0064264521934092045,
      0.0435127392411232,
      0.16705766320228577,
      0.38151752948760986,
      0.4311541020870209,
      0.4779549241065979,
      0.4248708486557007,
      0.03466666117310524,
      0.016780130565166473,
      -0.004272217396646738,
      -0.034775957465171814,
      0.027405133470892906,
      0.04009893164038658,
      0.02772136777639389,
      0.05309675633907318,
      0.46890267729759216,
      0.9999999403953552,
      0.5287469625473022,
      -0.4434218406677246,
      -0.5008171796798706,
      0.006124813575297594,
      0.015232996083796024,
      -0.008932861499488354,
      -0.04383159428834915
    ],
    [
      -0.23593391478061676,
      -0.10358113795518875,
      -0.11472277343273163,
      0.03442947566509247,
      0.33360376954078674,
      0.3523201644420624,
      0.5186471939086914,
      0.44401881098747253,
      0.002175008412450552,
      -0.04571615159511566,
      0.06905101984739304,
      0.07430597394704819,
      -0.012653116136789322,
      -0.10950179398059845,
      -0.13835515081882477,
      -0.10022420436143875,
      0.3887633979320526,
      0.5287469625473022,
      0.9999999403953552,
      -0.11009340733289719,
      0.4315261244773865,
      0.4619704484939575,
      -0.03953488543629646,
      0.048100121319293976,
      -0.016058901324868202
    ],
    [
      0.12154807150363922,
      0.1387663334608078,
      0.11767304688692093,
      0.04867274686694145,
      -0.015902021899819374,
      -0.0010348594514653087,
      -0.11308502405881882,
      -0.08986727148294449,
      0.02349935844540596,
      0.040153924375772476,
      -0.04930798336863518,
      -0.07886013388633728,
      0.0337967686355114,
      0.07941482961177826,
      0.13701161742210388,
      0.07917962223291397,
      0.5622902512550354,
      -0.4434218406677246,
      -0.11009340733289719,
      1.0000001192092896,
      0.36664077639579773,
      -0.6281239986419678,
      0.049393896013498306,
      -0.06381460279226303,
      -0.005234766285866499
    ],
    [
      -0.2921898066997528,
      -0.08786316961050034,
      -0.1524098813533783,
      -0.130964994430542,
      -0.06643510609865189,
      -0.10307054966688156,
      0.0027629947289824486,
      -0.012794319540262222,
      -0.027578048408031464,
      -0.04747280478477478,
      0.0846821665763855,
      0.10774195194244385,
      -0.036585889756679535,
      -0.1483622044324875,
      -0.1628383845090866,
      -0.15529505908489227,
      -0.08938061445951462,
      -0.5008171796798706,
      0.4315261244773865,
      0.36664077639579773,
      1.0,
      0.4568268060684204,
      -0.06178399920463562,
      0.05045788362622261,
      0.026740020141005516
    ],
    [
      -0.34504812955856323,
      -0.19309070706367493,
      -0.22118264436721802,
      -0.13952352106571198,
      -0.04216529056429863,
      -0.07675329595804214,
      0.10361457616090775,
      0.07425608485937119,
      -0.042438384145498276,
      -0.07909926772117615,
      0.10383154451847076,
      0.15311194956302643,
      -0.05484677478671074,
      -0.18946349620819092,
      -0.24652710556983948,
      -0.19206035137176514,
      -0.6055846810340881,
      0.006124813575297594,
      0.4619704484939575,
      -0.6281239986419678,
      0.4568268060684204,
      1.0000001192092896,
      -0.08735904097557068,
      0.09458758682012558,
      0.03201407566666603
    ],
    [
      0.14197058975696564,
      0.08399464935064316,
      0.12397082895040512,
      0.06005719676613808,
      0.049836792051792145,
      0.02450937032699585,
      -0.01662266068160534,
      -0.026629578322172165,
      0.07014454156160355,
      0.09271156787872314,
      -0.030210072174668312,
      -0.0754038617014885,
      0.021224502474069595,
      0.11145462840795517,
      0.11510463058948517,
      0.11080656945705414,
      0.06353522092103958,
      0.015232996083796024,
      -0.03953488543629646,
      0.049393896013498306,
      -0.06178399920463562,
      -0.08735904097557068,
      1.000000238418579,
      0.0009236054611392319,
      0.034249551594257355
    ],
    [
      -0.12369605153799057,
      -0.15239574015140533,
      -0.11349820345640182,
      -0.07998993992805481,
      -0.027798762544989586,
      -0.03870103508234024,
      0.0517561174929142,
      0.05887889489531517,
      -0.0362587496638298,
      -0.030614953488111496,
      0.02868635579943657,
      0.07809028029441833,
      -0.02715296298265457,
      -0.11328394711017609,
      -0.14253434538841248,
      -0.13452285528182983,
      -0.0666511207818985,
      -0.008932861499488354,
      0.048100121319293976,
      -0.06381460279226303,
      0.05045788362622261,
      0.09458758682012558,
      0.0009236054611392319,
      1.0,
      -0.004853629972785711
    ],
    [
      0.000199711779714562,
      -0.006445708218961954,
      -0.004084894433617592,
      -0.010633934289216995,
      -0.03331945464015007,
      -0.17215430736541748,
      -0.02311491221189499,
      -0.026164626702666283,
      0.0227646566927433,
      0.13544626533985138,
      0.178079292178154,
      0.005372229032218456,
      -0.023254744708538055,
      0.020037611946463585,
      -0.056067176163196564,
      -0.0017849622527137399,
      -0.048518963158130646,
      -0.04383159428834915,
      -0.016058901324868202,
      -0.005234766285866499,
      0.026740020141005516,
      0.03201407566666603,
      0.034249551594257355,
      -0.004853629972785711,
      1.0
    ]
  ],
  "composition_fidelity": [
    [
      1.0,
